-2.986230394868980298e+01
1.582263169074476750e+01
-2.525438659021979504e+01
1.941316299034130211e+01
-4.782292672994091554e+00
2.570920424731587417e+01
2.694059363841567389e+01
2.116100503352746642e+01
3.886776668564497328e+01
5.464086446480170167e+00
4.349860882954453700e+01
-3.038782888986468933e+01
-1.751531148431739737e+01
1.234202594088322869e+01
2.250764567619066980e+01
-2.521808976512424394e+01
-1.410472107619851379e+01
5.514195952870577955e+00
-1.379854757384408970e+01
5.102507789279100425e-01
2.382840193588970479e+01
3.090872344124964854e+01
3.230637185438634873e+01
2.670802444490203698e+01
3.826652033153273180e+01
1.225812134390825392e+01
1.225294107055677983e+01
2.045596579706773888e+00
-3.633863206977758864e+01
-5.873259793958302311e+01
7.210619006616281013e+01
3.483091847426156562e+01
3.389199262106263433e+01
2.743473494802823254e+01
-2.356135483964084543e+01
-3.653701831857431870e+01
1.630417618440170457e+01
2.034246030881975997e+01
1.634981701757502393e+01
1.715495219987479558e+01
1.095865785316905772e+01
4.395159629535356771e+00
-1.492907355138321179e+00
1.679892952398759576e+01
-2.999372712139413721e+01
2.387377130379937284e+01
-3.558492120200769193e+01
3.743618157020173243e+01
-1.262984296154242969e+01
-1.128569333953432263e+01
2.281507651927479330e+01
3.386184909790202369e+01
2.412339969093053327e+01
1.955184514473176449e+01
-2.804768039780025646e+00
1.748322114870403254e+01
2.711446845769940595e+01
-2.932953032915913738e+01
6.398061745031800918e+00
-4.249005601788800845e+01
-3.733922478566298331e+00
-2.786306740849405372e+01
-1.085332091055321690e+00
1.643325515999884345e+01
-8.662692232052731356e+01
1.795781726885089924e+01
8.987264119224755987e+00
-5.358201737993449676e+00
-2.712645222484605867e+01
-3.176895045589300803e-02
1.502185586743103229e+01
4.625559123892160507e+00
3.282605590831644093e+01
-5.225861570908483245e+00
6.336970623420706161e+00
-5.828597664085859265e+01
-2.106102054104716359e+01
2.020809469605203468e+00
2.245000282460480889e+01
-3.460045751094419586e+01
2.357824631390876036e+01
2.475876932308987222e+01
-2.653747672134680968e+01
-3.643559154337816608e+01
3.004296737540470019e+01
1.073330561471689037e+01
4.947296286293775580e+01
-3.047965029818604066e+01
-2.326885343783035509e+01
-2.031757668080063794e+01
3.042104363597285754e+01
1.511520367271216525e+00
1.630678224588142200e+01
2.892732248658452576e+01
-3.489944807999935961e+01
1.347625054442427084e+00
1.037565832992465964e+01
-4.491627134647860231e+01
4.850129575561248174e+01
5.606373598583717310e+00
-1.972226934847907742e+01
-2.113541564742885370e+01
4.630020910319787930e+01
9.569183023587330084e+00
-4.968696187944415499e+01
1.405927615631164862e+01
3.347699282232233742e+01
-2.372430580055638316e+01
-9.431460745847363825e+00
-1.456535543822231915e+01
-5.351467665174253874e+00
-3.416457157463609207e+01
4.699363358973779015e+01
-7.504387006986563335e+01
-2.174959495539102150e+01
-9.025203572369807858e+00
-1.911974245736602640e+01
-2.022196760898518519e+01
1.869312755842312157e+00
-2.219625348177140522e-01
-3.185141452552612051e+01
2.782609484686928170e+01
1.848269927978362759e+01
-1.407614450471252177e+01
1.189888666676900719e+01
-1.459232755166862816e+01
-1.296977952545696233e+01
8.305717782820373207e-01
-3.205520039651362652e+01
-6.204441024797198878e+01
5.642287620386085223e+00
3.634304159294979542e+01
4.865674365417090286e+01
1.780458920303476233e+01
-3.282452700516708122e-01
-4.224886129818723646e+01
-1.155372243399817300e+01
8.792287218150110562e+01
2.180406896108781467e+01
-1.124929632148629821e+01
-4.283535497058677066e+01
-1.095397171342529141e+01
-3.160313493290972175e+01
2.222983384291654474e+01
2.185345532055035633e+01
-4.465767566550211853e+01
1.870676154427948035e+01
2.277145958101446155e+01
4.070460885357069003e+01
-1.000337390076036614e+00
1.593808669458063765e+00
-5.400948649095059118e+00
2.178341278795229030e+01
-2.075040224597548644e+01
2.236893223222428517e+01
-1.417181933928646131e+01
-6.420335733593442562e+00
1.482505717744475326e+01
1.965603970252411870e+01
2.299658361080699986e+00
1.130111778900975494e+01
7.141095914202548300e+00
3.919619125408680738e+00
1.643172099499476602e+01
1.183779716573332941e+01
1.710170690109896441e+01
-8.116600519060952479e+00
-3.169245856162151398e+01
5.384270920598975607e+01
-2.731561085662900368e+01
-3.219743503012067265e+01
1.667636427786369424e+01
3.392291825467783895e+01
-2.638097603001058644e+01
-7.560804701337383804e+00
-3.135528731663647051e+01
-1.920391603833719074e+01
2.021782391025087122e+01
-3.441628802163956635e+01
-2.854516981139012088e+01
4.382244969807997137e+01
7.335585561493263462e+00
-6.847201633009821364e+01
-5.407941214632792537e+01
-4.326274478825494185e+01
1.050245447647753849e+01
-5.286519221526977219e+01
2.055470501119904014e+01
2.501210474593883859e+01
4.799579688415402501e+01
-1.860386775101317980e+01
-1.840295640661396348e+01
6.983935674708882657e-02
1.608732313161920047e+01
4.022588729834579624e+01
-7.208831437310921686e+00
-2.887648468022751302e+01
1.352451251159421020e+01
5.910936997377245916e+01
-7.404385117140461769e-01
1.493914041355319000e+01
-3.923357665354375001e+01
-1.588154897724612802e+01
2.030241449833699008e+01
6.805745724353912784e+00
3.827492574222834776e+01
1.336026683213573207e+01
-2.105003534338312221e+01
3.574597407901204349e+01
-3.773347540921299270e+01
-1.986761819225317582e+00
-3.161121862371838986e+01
4.238659363592856266e+01
1.356803771494912247e+01
-3.715819797327662855e+01
-2.158462284462183689e+00
3.227188247605202776e+01
3.041956196700368054e+01
-5.690351454497270822e+01
4.753891155323368167e+01
4.982879620040314705e-02
-1.341285619486580849e+01
2.635778609187934052e+00
-4.074768591722774502e+00
1.292182684188617614e+01
1.787769243694746324e+00
1.966358183170127560e+01
-2.095965279495180056e+01
-3.638971817813810361e+01
3.125013055605197820e+01
7.111154298723866063e+00
1.621457672000940375e+00
2.258744280629945589e+00
-2.316199710951758206e+01
-1.370666449636457962e+01
-2.951139036836470808e+01
2.359895341398727453e+01
-5.306405532780657097e+01
1.725747472623204004e+01
5.438928131443211811e+01
-2.145158857031316302e+01
2.897036170969920477e+01
-4.416190247252530554e+01
1.175401033405203499e+01
-5.125836141632385434e+00
8.205915548806750337e+00
2.353522659320011812e+01
4.994306657558288620e+00
1.536323400217481350e+01
-1.099902220972957956e+01
1.519025919891094034e+01
1.647245245811036085e+01
3.425389548480994506e+01
1.802752049846566340e+00
6.948994321658432227e+00
-2.088993555904788124e+01
3.435286632795295247e+01
-1.644708176955881029e+01
1.977169273933719662e+00
2.839984715788359892e+01
-4.259298710075991323e+01
-3.228838372360539921e+01
1.042685591746160334e+01
2.635292032871405965e+01
-2.314438378089670678e+01
-1.053101515172857638e+01
9.883062151151186470e+00
1.880641724356007316e+01
-1.292758770083785613e+01
-2.492239502595580447e+01
-6.515833142344901852e+00
1.110194633841936529e+01
-1.672683869487782715e+01
-4.290174595185306572e+01
7.017438014270410918e+01
-2.068703611119226693e+01
2.749017136998155664e+01
2.596029643077302751e+01
3.066099853397045294e+01
2.273601208934758233e+01
-7.458049540741150452e+01
5.341734254785181157e+00
-6.596283700599208544e+01
-4.776960420016420272e+01
1.707131963576079414e+01
6.753047282993912859e+01
-2.444618480307883601e+01
1.365598544914375623e+01
-1.372619738592927874e+01
-1.859677528020932513e+01
-5.288969247023266718e+01
-9.001531988156862951e+00
4.484127350452769178e+01
-1.921357475843236529e+01
-1.067162299385367774e+01
-2.618068747515720940e+00
-2.787631725470636113e+01
-3.064549321102397528e+01
-4.492433172430787636e+01
6.567017061732275396e-01
-1.230331391499648319e+01
3.404904458195770189e+01
1.832383983043941811e+01
-5.831248996345721025e+00
8.910556197638749509e+00
-4.552445570653281237e+01
1.808795064196416646e+01
1.060159127379476018e+01
1.702988208386744162e+01
1.841104998075243415e+01
-2.429099976310262576e+01
-3.688524467815340557e+01
9.185843428892609097e+01
3.537802288362673409e+01
-3.577217877926752720e-01
2.570971434565396674e+00
-2.278813377071504664e-01
-7.267113704403932672e+01
5.079277724882854272e+01
1.155750890696048394e+01
2.915994018123491216e+01
1.420813233116264618e+00
-1.406990482387048580e+01
2.804824998159156024e+01
-3.741672083359909351e+01
-1.361142071435325462e+01
-9.066376023557452868e+00
-4.139783794268232953e+01
1.059452031043442943e+01
9.405673462793169293e+00
1.689116682383703960e+01
9.433450203907540299e+00
-3.140117626246534144e+01
-2.211568768601406276e+01
-3.592837633411140530e+01
6.831656175351662696e+00
1.552875183119485314e+01
1.486393444056340130e+01
1.238437111832427995e+00
3.998505444192419134e+01
1.026876924062602114e+01
-1.240455619417560662e+01
6.719114885575828566e+01
3.704742323173549323e+01
1.683439293136067993e+00
-1.898520551835403936e+01
-2.377439975983411813e+01
-2.622241737793535066e+01
1.331532085193856130e+00
-9.938350638378333102e+00
-2.940809490764451795e+01
6.790257305282737832e+01
2.929580262979647998e+01
1.573878058039717054e+01
2.393143324030715036e+01
-3.459872442009923077e+01
-1.486762723833770572e+01
-6.168742236231395282e+00
-7.674579631333201313e+00
1.615784632109931707e+01
3.493867621285662750e+01
-7.491895519696585737e+00
-3.075989238317831109e+00
-8.420976592801499905e+00
-6.931940690247680337e+00
-5.380408098585390064e+01
5.364912468386252797e+00
-1.245321462340543128e+01
-2.825015070638081838e+01
7.030348095314650436e+00
7.664584236273501006e+01
5.288849538909963854e+01
5.610790750347379685e+01
2.258156183007764994e+01
7.111460776999926736e+00
1.032126434793553749e+01
-1.657428295355981618e+01
3.060041573658625680e+01
-3.834214118816459127e+00
8.220931458807383407e+00
-4.253380943736818409e+01
1.718969163776845832e+01
2.258483143074397148e+01
1.587222829791197753e+01
6.325886436027312243e+01
2.741858772617807105e+01
1.852357461522549187e+01
-3.489550831527001407e+01
-4.089502074030425405e+01
-5.128237509493041024e+00
4.175481445883133347e+01
-2.045299227902075145e+01
-8.698204329454661377e+00
2.226875815783308710e+01
8.717954352913114491e+00
-6.804919285703677190e+01
-1.451560444803559058e+01
2.790283294027463867e+01
-3.451795445096475135e+01
4.305815942463601331e+00
-3.483429686887632215e+01
-1.245851454816098070e+01
-4.028074119127116859e+01
-1.003115243472953999e+01
3.381183183350503896e+01
-1.456665738220343798e+01
5.610105191118513801e+01
3.617750666408365845e+01
2.959348563794913289e+00
4.018026342839738696e+00
2.861189048427519310e+01
2.313241073390210012e+00
-4.563055404112357394e+01
-2.469704409688191404e+01
-4.294683566307059408e+01
2.100381506499637041e+01
-2.507717706130265967e+01
3.150575266045169442e+01
1.929369180590995470e+01
-2.815541938935295363e+01
5.457954993303155078e+01
-3.261060355577040326e+01
-4.159237848204931254e+01
1.277902656609370347e+01
1.195024517377764184e+01
7.110392704393508012e+00
7.064175078907612537e+00
5.038731263369528790e+01
2.688892744846901905e+01
1.995156876314124972e+01
-6.064381192968374990e+01
3.052989952810428775e+01
-1.902280187290346447e+01
-2.758861460478566485e+01
1.972748871247870994e+01
9.908576661931334684e+00
3.625962980736252916e+01
5.186082996901370201e+00
5.592734729101608515e+00
-1.713812276037132420e+01
-5.814951859810610912e+00
2.889627660629992789e+01
2.462261895239214482e+01
2.615099212507359994e+00
5.238144866471293426e+01
1.006290967802913272e+01
-1.238893925744228319e+01
-6.897940523776449062e+00
-5.508367584148761864e+01
5.355955310421860105e+01
2.321561929530401613e+01
1.260575029323846685e+01
6.310224588004885504e+00
-4.680254579847383134e+00
1.904311350510506040e+00
-4.662975584701715803e+00
-1.567987542381423793e+00
3.376787500000757802e+01
4.411775494140697162e+01
1.764135949848484941e+01
2.583684849273045714e+01
1.578503021422854502e+01
1.026082262173218496e+01
3.654799139800777397e+01
1.701632796192007291e+01
-2.909851800956803558e+01
-5.854590761205554372e+01
2.745286264824796163e+01
-1.414041825192601998e+01
1.690672605401059414e+01
-3.326128790568562010e+01
-3.569871046611709886e+01
-9.244515417195286133e+00
-2.040358576418766035e+01
3.426664411731070459e+01
7.308941681370017207e+00
2.106551857001639760e+01
3.060777462325375708e+01
7.700882305658723226e+00
-3.853620848701283563e+01
-2.366348219581380530e+00
6.214350955324230341e+01
-5.455827591042936575e+00
-7.580381660671872623e+01
9.054255345420616496e-01
3.647101937510840219e+00
1.115434717027732070e+01
-3.452854362708767866e+01
-4.784972505028395773e+01
1.214104773138903326e+01
-4.786311416502359606e+01
4.928884986492907672e+01
2.223413031246238791e+00
4.055615933815411012e+01
-7.165254548855172878e+00
2.712145288810408505e+00
-3.692232304858264058e+01
5.049194413230291723e+00
-6.696937624975491943e+00
4.275383777305655286e+01
1.910411417265263623e+01
3.749436611411994136e+01
-9.075070213344487158e+00
1.592475263033290567e+01
5.334802738127239508e+01
-4.161827930543697107e+01
-1.795352849485053071e+01
1.731383868407988080e+00
2.333902919750895677e+01
7.497833847943561336e-01
3.691719430564461391e+01
-3.559572688156175335e+00
-1.952108794659229041e+00
8.609378676162968702e+00
-7.089285525912309538e+01
2.515909598216795473e+01
4.513901198637824308e+01
1.433872354991499698e+01
3.342195813061247378e+01
1.150030448449764364e+01
-5.855057865471223977e+00
3.639759806885617621e+01
1.149126986252556293e+01
1.562082874839329616e+00
-3.007899810434481846e+00
-9.539574571652871260e-01
1.058372065039154997e+01
-3.454224541071209842e+01
-4.656933998777847705e+01
-1.904190288320300084e+01
-3.253603199842739002e+01
-3.207030795508317311e+01
1.411331416004334294e+01
2.582548260729489797e+01
-3.853296408256929428e+00
1.981614834016185256e+01
-2.394725558771001772e+01
-3.137533829496507565e+01
-9.105731751482379011e+00
-5.805072349112932528e+01
-5.694122668419379352e+01
-2.788125298861302781e+01
3.198211264470161908e+01
-7.464374810925401560e-01
1.410130277089502782e+00
2.158364545443733462e+01
-2.258467141305785120e+01
-2.023671146732990778e+01
1.805269175371813262e+01
2.823168740918161035e+01
-2.324108443444799832e+01
-2.552528545478971456e+00
-2.697363823319414067e+01
6.494723540586818444e+01
1.743801936839286171e+01
-8.207246077903070258e+00
-3.256736941871596969e+01
1.175912451570032102e+00
5.574776128390946184e+01
-1.319620092302177738e+01
5.852456024701563564e+00
6.270388036850021507e+01
5.526411564578993740e+00
-2.671900425177197747e+01
3.490596981980083768e+01
-1.890389256117858352e+00
-1.899743593099542949e+01
-1.464596298420686438e+01
3.868718556549514886e+01
2.054201990621600515e+01
5.578887031990021228e+00
-2.854224817633394906e+01
-2.474598588942816813e-01
-9.557661305370972471e+00
2.250074208966389477e+01
3.488715354646396261e+00
-1.514257020895353278e+01
2.230428513659719769e+01
2.323484857262940650e+01
-7.316822389944444893e+00
3.786694805389225849e+01
-5.167037497810339630e+01
1.587001142619870109e+01
-1.007410804416855710e+00
4.956308396632526581e+01
-5.358261166236734852e+01
1.451835919031278976e+01
-7.749816468177737505e+00
8.606332291314092231e+01
4.799590569422317543e+01
-1.160224808063130197e+01
-3.032503635475174431e+00
-1.429755007836529224e+01
1.521306286145926023e+01
2.327992264059686889e+01
2.067192121630453983e+01
-7.182693001691978552e+00
3.582122917937118345e+00
-6.355757524404181957e+00
6.752548279640005546e+01
-4.449393881197527989e+00
3.626389020383092632e+00
3.040295425077354707e+01
1.728938944870649053e+01
3.309589806348544272e+00
-1.513535821433093354e+01
3.359364726545558000e+01
4.329537668124938676e+01
9.717004766967589191e+00
1.284590370560609962e+01
3.300851298734647088e+01
-2.447843345924175651e+01
6.158936528883492656e+01
3.457279528563373105e+01
-3.964645682053335563e+00
-3.793091600995669666e+01
-1.118548369398973996e+01
-1.679991473859637985e+00
-1.739819924679708407e+01
1.281316922705609151e+00
3.627698453280302715e+01
-4.592121985993728117e+01
-6.959538764797179589e+00
4.486515826683412200e+01
5.217733989535665984e+01
2.854720718337775853e+00
-1.651351686127081919e+01
1.497928322222557007e+01
1.764859863685605035e+01
-5.457725372551894338e+01
3.417838967184583510e+01
-1.049201072680231128e+01
-2.575907445818988784e+00
4.171751387267286759e+01
-2.963495211838225529e+01
2.603101172910221450e+01
-3.081784042073303365e+00
-3.396794827864757593e+01
1.219572547241102356e+01
3.829276564426686402e+00
-1.664507344149532031e+01
3.936716925633179542e+00
1.150410078093308286e+01
3.476998144955954473e+01
2.523287558044815526e+01
5.725941402898415333e+01
-4.958347508253740443e+01
2.115904992933161566e+01
-1.052291606252131295e+01
1.590364428066676439e+01
-3.399745075405088102e+01
-2.228388721919129267e+01
1.020004637159672889e+01
-6.785843568500262712e+00
-4.146008137925111470e+01
-1.986549547330924881e+01
-3.313591183980173582e+01
-3.468570199128120635e+01
2.032426051760517183e+01
-2.963650384508212454e+01
2.700108232045759227e+00
2.724207334039624939e+01
-2.771563602667973214e+01
2.078878116535035847e+00
-4.824830664251878432e+01
1.909684371420989635e+01
4.920524351250903550e+01
3.024368194182251557e+01
-3.061382618461550820e+01
4.529195964337534264e+01
-7.412628229321742701e+00
2.686574094622642850e+00
-2.619264314309850761e+01
7.307362064979182392e+00
-4.114975832782551635e+00
2.965708896811400663e+01
3.478685316264481742e+01
3.322945051763831970e+01
-2.985243258506125841e+01
1.195251008492423139e+01
-2.327779796988964023e+01
-2.206507248805245069e+01
-3.068270639834258162e+01
6.923097223837001657e+00
-2.405913151094357616e+01
1.430847704272887100e+00
5.490983819571816582e+00
4.261582461397028254e+01
4.058768476914178081e+01
-2.732581576006421287e+01
1.089509948668240114e+01
9.493389568833153191e+01
-2.924598079276292850e+01
-5.098111189614079564e+01
3.216817813845244700e+01
4.191271887479486224e+01
3.097125791815290796e+00
3.851893436294281514e+01
-3.264216527824871150e+01
-2.946568309344088732e+01
3.306318511346847799e+01
2.952290951258972740e+01
2.925152092149209793e+00
-2.376033125672267587e+01
5.674752475861917667e+00
-2.705665880328458783e+00
2.246147249782906741e+01
3.685857487022543921e+01
3.415139112278164646e+01
-2.172928244936592534e+00
1.642099501802171702e+01
-1.067197503649613921e+01
4.511712226030001460e+01
-3.794215491265423879e+01
-7.139123674580194034e+00
-1.994542379029028112e+01
1.484083821070559317e+01
-1.225725975845866778e+01
-5.545845225080594076e+00
3.453704912683140549e+01
1.960436630856997908e+01
-5.508643426495980933e+00
1.636178492449837307e+01
-1.275625012716430362e+01
-5.381786863822618727e+00
9.021580374634341482e-02
-2.515767481595985089e+01
-4.536444555728753869e+01
-1.181970934129987549e+00
2.916091469156328486e+01
-3.453837155375953216e+01
-2.371881583189088705e+00
-2.743329932040290586e+01
1.817596568093288312e+01
-1.644232282921192123e+01
3.270671600098558685e+01
1.509661585228950464e+01
2.483800341609936169e+01
-2.108324774461779239e+00
4.246340828551134194e+01
-2.187774062808460229e+01
-3.509699544032130092e+01
-3.760341343413974968e+00
1.830412682213734854e+01
-1.992719175363514594e+01
-6.098047546873938352e+00
1.131520072605505156e+01
1.542281288427010466e+01
-1.366401139983469015e+01
-1.296247012739260285e+01
4.128556986334250922e+01
1.732961599251854334e+00
1.396625894521932976e+00
3.900683192648212128e+01
-1.517856374306145817e+01
4.432557831972210494e+01
6.335231619692038407e+01
-4.258034921138318829e+00
2.148739464594179083e+01
8.760987898083424597e+00
-8.008459101389696855e+00
9.974954285637497975e+00
2.260039292184070092e+01
-7.535566000532021302e-01
2.789181503271668916e+01
1.300253712224462888e+01
2.729013845905465985e+01
1.570524724907365055e+01
-2.394404167718425924e+01
3.285820510766008340e+01
-3.909147591736343941e+01
-1.770617283585983515e+01
-2.236963242703727417e+01
-9.933784148157483784e+00
1.498630105396598822e+01
7.534153857525294207e+00
-2.483172233672340212e+01
2.269161996400530512e+00
-2.890366451211098564e+01
-3.164943923934555059e+01
2.342692327509722361e+01
-2.644469152553190838e+01
2.154609606139153399e+01
-3.643660645321967095e+00
-4.090604590038001476e+00
-1.313445943228675361e+01
-2.727580230559030738e+01
-2.039116337279816449e+01
1.040154399097250248e+01
-2.860406883513391207e+01
2.313787621769822422e+01
-1.408036771276789167e+01
-3.677466750443533527e+01
4.068718199311901884e+01
3.929016124013979550e+01
-2.120477586655221103e+01
1.575597303616408773e+01
-8.655406809742268948e+00
3.041483752699316057e+01
-5.367799783085995813e+01
-4.907948389658830735e+01
2.075396231914082890e+01
-2.283719006985961641e+00
-2.340121773114559645e+01
1.673073287171606438e+01
3.397683266375127431e+01
4.063009926860497956e+01
2.771107338016275534e+01
2.743606974252548181e+00
5.383631148089097707e+01
-2.772340915052350852e+01
2.194753429116223131e+01
-7.281917040273332020e+01
2.818315784361497833e+01
3.896530267944854842e+01
2.255321326493207046e-01
1.720990030058886688e+01
7.597793492392877823e+00
-4.287441537329310215e+00
-2.727013213207699494e+01
4.515407356458977262e+01
1.213207427468128152e+01
-3.835992729852001126e+00
-3.224162197192759294e+01
9.036796330101177332e+00
-2.069415399119519883e+00
-2.359475980318575594e+01
-1.764740142025684833e+01
-4.697390073310945979e+01
-6.824176530756631109e+01
5.865798684319563083e-01
-2.572477807668954597e+01
-2.868342774219520308e+01
6.235955417350017349e+00
1.231026856890785837e+01
-2.905214671455552899e+00
-2.149265761644526762e+01
2.380224275282455437e+01
-4.770657789360912915e+01
2.528049246624888724e+01
3.966458199408854313e+01
2.679545026405304853e+01
1.523889220066855010e+00
-4.969737734687913644e+01
2.525300310655927305e+01
6.066313741747877408e+00
-3.318323913534100456e+01
1.573388523657002835e+01
4.667198330233206605e+01
-3.562213348431071847e+00
3.367059112330561277e+01
-4.263504262545740886e+00
1.746323067359953640e+01
-6.006331417415752583e+01
6.082994253846700872e+01
-3.119679831508243950e+01
-2.601841004695638304e+01
1.685640752483827498e+01
-7.226317354879358845e+01
7.327745502449413095e+01
-4.112449201973962687e+01
2.491343224695238945e+00
3.417258083750440534e+01
-1.264393715357217118e+01
-4.215588665536050428e+01
-6.051880183035753191e+01
2.177079538822082938e+01
3.153394975764046393e+01
5.338810445750105060e+01
-6.400843666518822861e-01
1.929712852335568130e+01
1.996292532388081398e+01
1.374597632593152596e+01
2.576745875554883369e+01
3.137388904203884721e+01
-5.150611672088312787e+01
3.677080700140664504e+01
1.118773693991205143e+01
-3.147239633828214878e+01
2.745773675427970417e+01
3.657985107587257811e+00
1.983096720988432793e+01
2.568945377121328377e+01
2.059059521920032765e+01
-3.799719770217360093e+01
-2.439569925951954588e+01
1.345429884246632213e+01
2.253879931176118845e+01
2.706555019695168340e+01
-7.029275272525250529e+00
-2.042899295896808098e+01
-2.487170657452964306e+01
-7.628766952460264150e-01
-1.251678027297908713e+01
-1.939737464107917830e+01
-1.388970511874953040e+01
-7.675378691229938433e+00
-9.748907545820545195e+00
5.633037038580381761e+01
6.005493942849325251e+00
5.263963253987336799e+01
-8.017235547109864413e+00
-1.940936394010264010e+01
-1.113225150271733277e+01
-1.697865235229670233e+01
-1.738474287755440528e+01
3.571035215932168683e+01
3.353164211041332976e+01
3.767157034442715258e+01
-3.504553845371801923e+00
2.480635947952616149e+01
-6.582325116855342628e+01
-2.760394824795466562e+01
-1.021967646245244943e+01
2.347025758635254178e+01
-4.519217786378427348e+01
2.668222425554581534e+01
7.858040616144789325e+00
-3.023778063534836491e+01
2.934656446912159922e+01
-4.642282277073822883e+01
7.714879065584753226e-01
-4.616574045626057909e+01
5.173105700883532876e+01
2.435521688518065275e+01
8.424252701668439869e+00
1.208225119103575196e+01
1.579263093056114364e+01
3.782626527294339525e+01
2.014906998540766381e+01
4.533598965235630374e+01
-1.930339428767308974e+01
-2.691573770817181099e+01
-1.904347651532505381e+01
-2.420214194956307452e+01
-1.325253358363602452e+01
4.527304410636551069e+01
-3.091850622771556445e+01
5.993755159205435668e+00
2.018617784428910511e+01
3.007677165999609414e+01
-4.142534935366281701e+00
4.664606482180318636e+01
4.517942498194145884e+01
-5.979992226848603565e+01
4.043504291139312556e+01
6.141875435295238361e+01
-4.763407034010172936e+01
1.669048803696588035e+00
-1.882125747740846933e+01
5.733882571764702618e+00
6.484561721307203186e+01
1.191300781330866165e+01
-2.289698224210129851e+01
-2.673557202746394523e+01
-3.398737771220683435e+00
1.262208800994025282e+01
-2.987277835943448778e+01
4.457910400309510024e+00
2.155667262294427289e+00
-3.034254150003622286e+01
-4.893940675129919704e+00
-2.067818879084609307e+01
-2.811687876257273189e+01
-1.472236860013187432e+01
-8.691160349249514638e+00
6.441707500539727960e+01
-5.817335486210372153e+01
5.817826432960232808e+01
-1.337725332253391386e+01
3.553216198801036541e+01
-2.989064991966297669e+01
2.492816224807993208e+01
-8.512293060291138858e+00
1.376664886437526114e+01
-1.060172036933909823e+01
5.245566064284066954e+01
1.151511305928925255e+00
1.826767552989356957e+01
3.341350122027594693e+01
4.089681920814192040e+01
-1.949378716489876950e+01
-1.838600538237972160e+01
3.926167508583507981e+01
-2.411659006269323768e+01
1.154111341626703702e+00
3.790054116047348032e+01
-4.462315281487367713e+01
1.930256277463750436e+01
5.751829508249815426e+00
-2.059078273644558621e+01
-2.306810165215360442e+01
-2.745813838960334152e+00
-1.894269234101842869e+01
-1.319782114416511609e+00
3.141066331463242634e+01
-2.483239491397437604e+01
4.219596495336696762e+01
2.002882285961371167e+01
1.760345961722969976e+00
